32,4
32,1
32,3
29,1
29,3
27,1
27,3
34,1
34,3
0,273
0,270
41,35
3,2
3,1
3,3
10,17
10,277
10,287
10,263
10,205
10,21
10,289
10,1
10,173
10,2
10,3
11,21
11,17
11,27
11,13
11,15
11,9
11,1
11,11
11,2
11,3
9,7
9,1
9,5
9,2
9,3
8,18
8,11
8,14
8,9
8,1
8,17
8,2
8,3
12,2
12,1
12,3
20,2
20,1
20,3
19,2
19,1
19,3
18,1
18,3
14,1
14,3
13,1
13,3
2,2
2,1
40,4
40,3
40,2
2,3
40,1
40,0
38,5
38,4
38,3
38,2
38,1
38,0
35,3
35,2
35,1
35,0
0,472
0,0
41,34
41,33
41,32
41,31
41,30
41,29
41,28
41,27
41,26
41,25
41,24
41,23
